 0.000125 1
 0.000375 1
 0.000625 1
 0.000875 1
 0.001125 1
 0.001375 1
 0.001625 1
 0.001875 1
 0.002125 1
 0.002375 1
 0.002625 1
 0.002875 1
 0.003125 1
 0.003375 1
 0.003625 1
 0.003875 1
 0.004125 1
 0.004375 1
 0.004625 1
 0.004875 1
 0.005125 1
 0.005375 1
 0.005625 1
 0.005875 1
 0.006125 1
 0.006375 1
 0.006625 1
 0.006875 1
 0.007125 1
 0.007375 1
 0.007625 1
 0.007875 1
 0.008125 1
 0.008375 1
 0.008625 1
 0.008875 1
 0.009125 1
 0.009375 1
 0.009625 1
 0.009875 1
 0.010125 1
 0.010375 1
 0.010625 1
 0.010875 1
 0.011125 1
 0.011375 1
 0.011625 1
 0.011875 1
 0.012125 1
 0.012375 1
 0.012625 1
 0.012875 1
 0.013125 1
 0.013375 1
 0.013625 1
 0.013875 1
 0.014125 1
 0.014375 1
 0.014625 1
 0.014875 1
 0.015125 1
 0.015375 1
 0.015625 1
 0.015875 1
 0.016125 1
 0.016375 1
 0.016625 1
 0.016875 1
 0.017125 1
 0.017375 1
 0.017625 1
 0.017875 1
 0.018125 1
 0.018375 1
 0.018625 1
 0.018875 1
 0.019125 1
 0.019375 1
 0.019625 1
 0.019875 1
 0.020125 1
 0.020375 1
 0.020625 1
 0.020875 1
 0.021125 1
 0.021375 1
 0.021625 1
 0.021875 1
 0.022125 1
 0.022375 1
 0.022625 1
 0.022875 1
 0.023125 1
 0.023375 1
 0.023625 1
 0.023875 1
 0.024125 1
 0.024375 1
 0.024625 1
 0.024875 1
 0.025125 1
 0.025375 1
 0.025625 1
 0.025875 1
 0.026125 1
 0.026375 1
 0.026625 1
 0.026875 1
 0.027125 1
 0.027375 1
 0.027625 1
 0.027875 1
 0.028125 1
 0.028375 1
 0.028625 1
 0.028875 1
 0.029125 1
 0.029375 1
 0.029625 1
 0.029875 1
 0.030125 1
 0.030375 1
 0.030625 1
 0.030875 1
 0.031125 1
 0.031375 1
 0.031625 1
 0.031875 1
 0.032125 1
 0.032375 1
 0.032625 1
 0.032875 1
 0.033125 1
 0.033375 1
 0.033625 1
 0.033875 1
 0.034125 1
 0.034375 2
 0.034625 2
 0.034875 2
 0.035125 2
 0.035375 2
 0.035625 2
 0.035875 2
 0.036125 2
 0.036375 2
 0.036625 2
 0.036875 2
 0.037125 2
 0.037375 2
 0.037625 2
 0.037875 2
 0.038125 2
 0.038375 2
 0.038625 2
 0.038875 2
 0.039125 2
 0.039375 2
 0.039625 2
 0.039875 2
 0.040125 2
 0.040375 2
 0.040625 2
 0.040875 2
 0.041125 2
 0.041375 2
 0.041625 2
 0.041875 2
 0.042125 2
 0.042375 2
 0.042625 2
 0.042875 2
 0.043125 2
 0.043375 2
 0.043625 2
 0.043875 2
 0.044125 2
 0.044375 2
 0.044625 2
 0.044875 2
 0.045125 2
 0.045375 2
 0.045625 2
 0.045875 2
 0.046125 2
 0.046375 2
 0.046625 2
 0.046875 2
 0.047125 2
 0.047375 2
 0.047625 2
 0.047875 0
 0.048125 0
 0.048375 0
 0.048625 0
 0.048875 0
 0.049125 0
 0.049375 0
 0.049625 0
 0.049875 0
 0.050125 0
 0.050375 0
 0.050625 0
 0.050875 0
 0.051125 0
 0.051375 0
 0.051625 0
 0.051875 0
 0.052125 0
 0.052375 0
 0.052625 0
 0.052875 0
 0.053125 0
 0.053375 0
 0.053625 0
 0.053875 0
 0.054125 0
 0.054375 0
 0.054625 0
 0.054875 0
 0.055125 0
 0.055375 0
 0.055625 0
 0.055875 0
 0.056125 0
 0.056375 0
 0.056625 0
 0.056875 0
 0.057125 0
 0.057375 0
 0.057625 0
 0.057875 0
 0.058125 2
 0.058375 2
 0.058625 2
 0.058875 2
 0.059125 2
 0.059375 2
 0.059625 2
 0.059875 0
 0.060125 2
 0.060375 2
 0.060625 2
 0.060875 2
 0.061125 2
 0.061375 2
 0.061625 2
 0.061875 2
 0.062125 2
 0.062375 2
 0.062625 2
 0.062875 2
 0.063125 2
 0.063375 2
 0.063625 2
 0.063875 2
 0.064125 2
 0.064375 2
 0.064625 2
 0.064875 2
 0.065125 2
 0.065375 2
 0.065625 2
 0.065875 2
 0.066125 2
 0.066375 2
 0.066625 2
 0.066875 2
 0.067125 2
 0.067375 2
 0.067625 2
 0.067875 2
 0.068125 2
 0.068375 2
 0.068625 2
 0.068875 2
 0.069125 2
 0.069375 2
 0.069625 2
 0.069875 2
 0.070125 2
 0.070375 2
 0.070625 2
 0.070875 2
 0.071125 2
 0.071375 2
 0.071625 2
 0.071875 2
 0.072125 2
 0.072375 2
 0.072625 2
 0.072875 2
 0.073125 2
 0.073375 2
 0.073625 2
 0.073875 2
 0.074125 2
 0.074375 2
 0.074625 2
 0.074875 2
 0.075125 2
 0.075375 2
 0.075625 2
 0.075875 2
 0.076125 2
 0.076375 2
 0.076625 2
 0.076875 2
 0.077125 2
 0.077375 2
 0.077625 2
 0.077875 2
 0.078125 2
 0.078375 2
 0.078625 2
 0.078875 0
 0.079125 0
 0.079375 0
 0.079625 0
 0.079875 0
 0.080125 0
 0.080375 1
 0.080625 1
 0.080875 1
 0.081125 1
 0.081375 1
 0.081625 1
 0.081875 1
 0.082125 1
 0.082375 1
 0.082625 1
 0.082875 1
 0.083125 1
 0.083375 1
 0.083625 1
 0.083875 1
 0.084125 1
 0.084375 1
 0.084625 1
 0.084875 1
 0.085125 1
 0.085375 1
 0.085625 1
 0.085875 1
 0.086125 1
 0.086375 1
 0.086625 1
 0.086875 1
 0.087125 1
 0.087375 1
 0.087625 1
 0.087875 1
 0.088125 1
 0.088375 1
 0.088625 1
 0.088875 1
 0.089125 1
 0.089375 1
 0.089625 1
 0.089875 1
 0.090125 1
 0.090375 1
 0.090625 1
 0.090875 1
 0.091125 1
 0.091375 1
 0.091625 1
 0.091875 1
 0.092125 1
 0.092375 1
 0.092625 1
 0.092875 1
 0.093125 1
 0.093375 1
 0.093625 1
 0.093875 1
 0.094125 1
 0.094375 1
 0.094625 1
 0.094875 1
 0.095125 1
 0.095375 1
 0.095625 1
 0.095875 1
 0.096125 1
 0.096375 1
 0.096625 1
 0.096875 1
 0.097125 1
 0.097375 1
 0.097625 1
 0.097875 1
 0.098125 1
 0.098375 1
 0.098625 1
 0.098875 1
 0.099125 1
 0.099375 1
 0.099625 1
 0.099875 1
 0.100125 1
 0.100375 1
 0.100625 1
 0.100875 1
 0.101125 1
 0.101375 1
 0.101625 1
 0.101875 1
 0.102125 1
 0.102375 1
 0.102625 1
 0.102875 1
 0.103125 1
 0.103375 1
 0.103625 1
 0.103875 1
 0.104125 1
 0.104375 1
 0.104625 1
 0.104875 1
 0.105125 1
 0.105375 1
 0.105625 1
 0.105875 1
 0.106125 1
 0.106375 1
 0.106625 1
 0.106875 1
 0.107125 1
 0.107375 1
 0.107625 1
 0.107875 1
 0.108125 1
 0.108375 1
 0.108625 1
 0.108875 1
 0.109125 1
 0.109375 1
 0.109625 1
 0.109875 1
 0.110125 1
 0.110375 1
 0.110625 1
 0.110875 1
 0.111125 1
 0.111375 1
 0.111625 1
 0.111875 1
 0.112125 1
 0.112375 1
 0.112625 1
 0.112875 1
 0.113125 1
 0.113375 1
 0.113625 1
 0.113875 1
 0.114125 1
 0.114375 1
 0.114625 1
 0.114875 1
 0.115125 1
 0.115375 1
 0.115625 1
 0.115875 1
 0.116125 1
 0.116375 1
 0.116625 1
 0.116875 1
 0.117125 1
 0.117375 1
 0.117625 1
 0.117875 1
 0.118125 1
 0.118375 1
 0.118625 1
 0.118875 1
 0.119125 1
 0.119375 1
 0.119625 1
 0.119875 1
 0.120125 1
 0.120375 1
 0.120625 1
 0.120875 1
 0.121125 1
 0.121375 1
 0.121625 1
 0.121875 1
 0.122125 1
 0.122375 1
 0.122625 1
 0.122875 1
 0.123125 1
 0.123375 1
 0.123625 1
 0.123875 1
 0.124125 1
 0.124375 1
 0.124625 1
 0.124875 1
 0.125125 1
 0.125375 1
 0.125625 1
 0.125875 1
 0.126125 1
 0.126375 1
 0.126625 1
 0.126875 1
 0.127125 1
 0.127375 1
 0.127625 1
 0.127875 1
 0.128125 1
 0.128375 1
 0.128625 1
 0.128875 1
 0.129125 1
 0.129375 1
 0.129625 1
 0.129875 1
 0.130125 1
 0.130375 1
 0.130625 1
 0.130875 1
 0.131125 1
 0.131375 1
 0.131625 1
 0.131875 1
 0.132125 1
 0.132375 1
 0.132625 1
 0.132875 1
 0.133125 1
 0.133375 1
 0.133625 1
 0.133875 1
 0.134125 1
 0.134375 1
 0.134625 1
 0.134875 1
 0.135125 1
 0.135375 1
 0.135625 1
 0.135875 1
 0.136125 1
 0.136375 1
 0.136625 1
 0.136875 1
 0.137125 1
 0.137375 1
 0.137625 1
 0.137875 1
 0.138125 1
 0.138375 1
 0.138625 1
 0.138875 1
 0.139125 1
 0.139375 1
 0.139625 1
 0.139875 1
 0.140125 1
 0.140375 1
 0.140625 1
 0.140875 1
 0.141125 1
 0.141375 1
 0.141625 1
 0.141875 1
 0.142125 1
 0.142375 1
 0.142625 1
 0.142875 1
 0.143125 1
 0.143375 1
 0.143625 1
 0.143875 1
 0.144125 1
 0.144375 1
 0.144625 1
 0.144875 1
 0.145125 1
 0.145375 1
 0.145625 1
 0.145875 1
 0.146125 1
 0.146375 1
 0.146625 1
 0.146875 1
 0.147125 1
 0.147375 1
 0.147625 1
 0.147875 1
 0.148125 1
 0.148375 1
 0.148625 1
 0.148875 1
 0.149125 1
 0.149375 1
 0.149625 1
 0.149875 1
 0.150125 1
 0.150375 1
 0.150625 1
 0.150875 1
 0.151125 1
 0.151375 1
 0.151625 1
 0.151875 1
 0.152125 1
 0.152375 1
 0.152625 1
 0.152875 1
 0.153125 1
 0.153375 1
 0.153625 1
 0.153875 1
 0.154125 1
 0.154375 1
 0.154625 1
 0.154875 1
 0.155125 1
 0.155375 1
 0.155625 1
 0.155875 1
 0.156125 1
 0.156375 1
 0.156625 1
 0.156875 1
 0.157125 1
 0.157375 1
 0.157625 1
 0.157875 1
 0.158125 1
 0.158375 1
 0.158625 1
 0.158875 1
 0.159125 1
 0.159375 1
 0.159625 1
 0.159875 1
 0.160125 1
 0.160375 1
 0.160625 1
 0.160875 1
 0.161125 1
 0.161375 1
 0.161625 1
 0.161875 1
 0.162125 1
 0.162375 1
 0.162625 1
 0.162875 1
 0.163125 1
 0.163375 1
 0.163625 1
 0.163875 1
 0.164125 1
 0.164375 1
 0.164625 1
 0.164875 1
 0.165125 1
 0.165375 1
 0.165625 1
 0.165875 1
 0.166125 1
 0.166375 1
 0.166625 1
 0.166875 1
 0.167125 1
 0.167375 1
 0.167625 1
 0.167875 1
 0.168125 1
 0.168375 1
 0.168625 1
 0.168875 1
 0.169125 1
 0.169375 1
 0.169625 1
 0.169875 1
 0.170125 1
 0.170375 1
 0.170625 1
 0.170875 1
 0.171125 1
 0.171375 1
 0.171625 1
 0.171875 1
 0.172125 1
 0.172375 1
 0.172625 1
 0.172875 1
 0.173125 1
 0.173375 1
 0.173625 1
 0.173875 1
 0.174125 1
 0.174375 1
 0.174625 1
 0.174875 1
 0.175125 1
 0.175375 1
 0.175625 1
 0.175875 1
 0.176125 1
 0.176375 1
 0.176625 1
 0.176875 1
 0.177125 1
 0.177375 1
 0.177625 1
 0.177875 1
 0.178125 1
 0.178375 1
 0.178625 1
 0.178875 1
 0.179125 1
 0.179375 1
 0.179625 1
 0.179875 1
 0.180125 1
 0.180375 1
 0.180625 1
 0.180875 1
 0.181125 1
 0.181375 1
 0.181625 1
 0.181875 1
 0.182125 1
 0.182375 1
 0.182625 1
 0.182875 1
 0.183125 1
 0.183375 1
 0.183625 1
 0.183875 1
 0.184125 1
 0.184375 1
 0.184625 1
 0.184875 1
 0.185125 1
 0.185375 1
 0.185625 1
 0.185875 1
 0.186125 1
 0.186375 1
 0.186625 1
 0.186875 1
 0.187125 1
 0.187375 1
 0.187625 1
 0.187875 1
 0.188125 1
 0.188375 1
 0.188625 1
 0.188875 1
 0.189125 1
 0.189375 1
 0.189625 1
 0.189875 1
 0.190125 1
 0.190375 1
 0.190625 1
 0.190875 1
 0.191125 0
 0.191375 0
 0.191625 0
 0.191875 0
 0.192125 0
 0.192375 0
 0.192625 0
 0.192875 0
 0.193125 0
 0.193375 0
 0.193625 0
 0.193875 0
 0.194125 0
 0.194375 0
 0.194625 0
 0.194875 0
 0.195125 0
 0.195375 0
 0.195625 0
 0.195875 0
 0.196125 0
 0.196375 0
 0.196625 0
 0.196875 0
 0.197125 0
 0.197375 0
 0.197625 0
 0.197875 0
 0.198125 0
 0.198375 0
 0.198625 0
 0.198875 0
 0.199125 0
 0.199375 0
 0.199625 0
 0.199875 0
 0.200125 0
 0.200375 0
 0.200625 0
 0.200875 0
 0.201125 0
 0.201375 0
 0.201625 0
 0.201875 0
 0.202125 0
 0.202375 0
 0.202625 0
 0.202875 0
 0.203125 0
 0.203375 0
 0.203625 0
 0.203875 0
 0.204125 0
 0.204375 0
 0.204625 0
 0.204875 0
 0.205125 0
 0.205375 0
 0.205625 0
 0.205875 0
 0.206125 0
 0.206375 0
 0.206625 0
 0.206875 0
 0.207125 0
 0.207375 0
 0.207625 0
 0.207875 0
 0.208125 0
 0.208375 0
 0.208625 0
 0.208875 0
 0.209125 0
 0.209375 0
 0.209625 0
 0.209875 0
 0.210125 0
 0.210375 0
 0.210625 0
 0.210875 0
 0.211125 0
 0.211375 0
 0.211625 0
 0.211875 0
 0.212125 0
 0.212375 0
 0.212625 0
 0.212875 0
 0.213125 0
 0.213375 0
 0.213625 0
 0.213875 0
 0.214125 0
 0.214375 0
 0.214625 0
 0.214875 0
 0.215125 0
 0.215375 1
 0.215625 1
 0.215875 1
 0.216125 1
 0.216375 1
 0.216625 1
 0.216875 1
 0.217125 1
 0.217375 1
 0.217625 1
 0.217875 1
 0.218125 1
 0.218375 1
 0.218625 1
 0.218875 1
 0.219125 1
 0.219375 1
 0.219625 1
 0.219875 1
 0.220125 1
 0.220375 1
 0.220625 1
 0.220875 1
 0.221125 1
 0.221375 1
 0.221625 1
 0.221875 1
 0.222125 0
 0.222375 0
 0.222625 0
 0.222875 0
 0.223125 0
 0.223375 0
 0.223625 0
 0.223875 0
 0.224125 0
 0.224375 0
 0.224625 0
 0.224875 0
 0.225125 0
 0.225375 0
 0.225625 0
 0.225875 0
 0.226125 0
 0.226375 0
 0.226625 0
 0.226875 0
 0.227125 0
 0.227375 0
 0.227625 0
 0.227875 0
 0.228125 0
 0.228375 0
 0.228625 0
 0.228875 0
 0.229125 0
 0.229375 0
 0.229625 0
 0.229875 0
 0.230125 0
 0.230375 0
 0.230625 0
 0.230875 0
 0.231125 0
 0.231375 0
 0.231625 0
 0.231875 0
 0.232125 0
 0.232375 0
 0.232625 0
 0.232875 0
 0.233125 0
 0.233375 0
 0.233625 0
 0.233875 0
 0.234125 0
 0.234375 0
 0.234625 0
 0.234875 0
 0.235125 0
 0.235375 0
 0.235625 0
 0.235875 0
 0.236125 0
 0.236375 0
 0.236625 0
 0.236875 0
 0.237125 0
 0.237375 0
 0.237625 0
 0.237875 0
 0.238125 0
 0.238375 0
 0.238625 0
 0.238875 0
 0.239125 0
 0.239375 0
 0.239625 0
 0.239875 0
 0.240125 0
 0.240375 0
 0.240625 0
 0.240875 0
 0.241125 0
 0.241375 0
 0.241625 0
 0.241875 0
 0.242125 0
 0.242375 0
 0.242625 0
 0.242875 0
 0.243125 0
 0.243375 0
 0.243625 0
 0.243875 0
 0.244125 0
 0.244375 0
 0.244625 0
 0.244875 0
 0.245125 0
 0.245375 0
 0.245625 0
 0.245875 0
 0.246125 0
 0.246375 0
 0.246625 0
 0.246875 0
 0.247125 0
 0.247375 0
 0.247625 0
 0.247875 0
 0.248125 0
 0.248375 0
 0.248625 0
 0.248875 0
 0.249125 0
 0.249375 0
 0.249625 0
 0.249875 0
 0.250125 0
 0.250375 0
 0.250625 0
 0.250875 0
 0.251125 0
 0.251375 0
 0.251625 0
 0.251875 0
 0.252125 0
 0.252375 0
 0.252625 0
 0.252875 0
 0.253125 0
 0.253375 0
 0.253625 0
 0.253875 0
 0.254125 0
 0.254375 0
 0.254625 0
 0.254875 0
 0.255125 0
 0.255375 0
 0.255625 0
 0.255875 0
 0.256125 0
 0.256375 0
 0.256625 0
 0.256875 0
 0.257125 0
 0.257375 0
 0.257625 0
 0.257875 0
 0.258125 0
 0.258375 0
 0.258625 0
 0.258875 0
 0.259125 0
 0.259375 0
 0.259625 0
 0.259875 0
 0.260125 0
 0.260375 0
 0.260625 0
 0.260875 0
 0.261125 0
 0.261375 0
 0.261625 0
 0.261875 0
 0.262125 0
 0.262375 0
 0.262625 0
 0.262875 0
 0.263125 0
 0.263375 0
 0.263625 0
 0.263875 0
 0.264125 0
 0.264375 0
 0.264625 0
 0.264875 0
 0.265125 0
 0.265375 0
 0.265625 0
 0.265875 0
 0.266125 0
 0.266375 0
 0.266625 0
 0.266875 0
 0.267125 0
 0.267375 0
 0.267625 0
 0.267875 0
 0.268125 0
 0.268375 0
 0.268625 0
 0.268875 0
 0.269125 0
 0.269375 0
 0.269625 0
 0.269875 0
 0.270125 0
 0.270375 0
 0.270625 0
 0.270875 0
 0.271125 0
 0.271375 0
 0.271625 0
 0.271875 0
 0.272125 0
 0.272375 0
 0.272625 0
 0.272875 0
 0.273125 0
 0.273375 0
 0.273625 0
 0.273875 0
 0.274125 0
 0.274375 0
 0.274625 0
 0.274875 0
 0.275125 0
 0.275375 0
 0.275625 0
 0.275875 0
 0.276125 0
 0.276375 0
 0.276625 0
 0.276875 0
 0.277125 0
 0.277375 0
 0.277625 0
 0.277875 0
 0.278125 0
 0.278375 0
 0.278625 0
 0.278875 0
 0.279125 0
 0.279375 0
 0.279625 0
 0.279875 0
 0.280125 0
 0.280375 0
 0.280625 0
 0.280875 0
 0.281125 0
 0.281375 0
 0.281625 0
 0.281875 0
 0.282125 0
 0.282375 0
 0.282625 0
 0.282875 0
 0.283125 0
 0.283375 0
 0.283625 0
 0.283875 0
 0.284125 0
 0.284375 0
 0.284625 0
 0.284875 0
 0.285125 0
 0.285375 0
 0.285625 0
 0.285875 0
 0.286125 0
 0.286375 0
 0.286625 0
 0.286875 0
 0.287125 0
 0.287375 0
 0.287625 0
 0.287875 0
 0.288125 0
 0.288375 0
 0.288625 0
 0.288875 0
 0.289125 0
 0.289375 0
 0.289625 0
 0.289875 0
 0.290125 0
 0.290375 0
 0.290625 0
 0.290875 0
 0.291125 0
 0.291375 0
 0.291625 0
 0.291875 0
 0.292125 0
 0.292375 0
 0.292625 0
 0.292875 0
 0.293125 0
 0.293375 0
 0.293625 0
 0.293875 0
 0.294125 0
 0.294375 0
 0.294625 0
 0.294875 0
 0.295125 0
 0.295375 0
 0.295625 0
 0.295875 0
 0.296125 0
 0.296375 0
 0.296625 0
 0.296875 0
 0.297125 0
 0.297375 0
 0.297625 0
 0.297875 0
 0.298125 0
 0.298375 0
 0.298625 0
 0.298875 0
 0.299125 0
 0.299375 0
 0.299625 0
 0.299875 0
 0.300125 0
 0.300375 0
 0.300625 0
 0.300875 0
 0.301125 0
 0.301375 0
 0.301625 0
 0.301875 0
 0.302125 0
 0.302375 0
 0.302625 0
 0.302875 0
 0.303125 0
 0.303375 0
 0.303625 0
 0.303875 0
 0.304125 0
 0.304375 0
 0.304625 0
 0.304875 0
 0.305125 0
 0.305375 0
 0.305625 0
 0.305875 0
 0.306125 0
 0.306375 0
 0.306625 0
 0.306875 0
 0.307125 0
 0.307375 0
 0.307625 0
 0.307875 0
 0.308125 0
 0.308375 0
 0.308625 0
 0.308875 0
 0.309125 0
 0.309375 0
 0.309625 0
 0.309875 0
 0.310125 0
 0.310375 0
 0.310625 0
 0.310875 0
 0.311125 0
 0.311375 0
 0.311625 0
 0.311875 0
 0.312125 0
 0.312375 0
 0.312625 0
 0.312875 0
 0.313125 0
 0.313375 0
 0.313625 0
 0.313875 0
 0.314125 0
 0.314375 0
 0.314625 0
 0.314875 0
 0.315125 0
 0.315375 0
 0.315625 0
 0.315875 0
 0.316125 0
 0.316375 0
 0.316625 0
 0.316875 0
 0.317125 0
 0.317375 0
 0.317625 0
 0.317875 0
 0.318125 0
 0.318375 0
 0.318625 0
 0.318875 0
 0.319125 0
 0.319375 0
 0.319625 0
 0.319875 0
 0.320125 0
 0.320375 0
 0.320625 0
 0.320875 0
 0.321125 0
 0.321375 0
 0.321625 0
 0.321875 0
 0.322125 0
 0.322375 0
 0.322625 0
 0.322875 0
 0.323125 0
 0.323375 0
 0.323625 0
 0.323875 0
 0.324125 0
 0.324375 0
 0.324625 0
 0.324875 0
 0.325125 0
 0.325375 0
 0.325625 0
 0.325875 0
 0.326125 0
 0.326375 0
 0.326625 0
 0.326875 0
 0.327125 0
 0.327375 0
 0.327625 0
 0.327875 0
 0.328125 0
 0.328375 0
 0.328625 0
 0.328875 0
 0.329125 0
 0.329375 0
 0.329625 0
 0.329875 0
 0.330125 0
 0.330375 0
 0.330625 0
 0.330875 0
 0.331125 0
 0.331375 0
 0.331625 0
 0.331875 0
 0.332125 0
 0.332375 0
 0.332625 0
 0.332875 0
 0.333125 0
 0.333375 0
 0.333625 0
 0.333875 0
 0.334125 0
 0.334375 0
 0.334625 0
 0.334875 0
 0.335125 0
 0.335375 0
 0.335625 0
 0.335875 0
 0.336125 0
 0.336375 0
 0.336625 0
 0.336875 0
 0.337125 0
 0.337375 0
 0.337625 0
 0.337875 0
 0.338125 0
 0.338375 0
 0.338625 0
 0.338875 0
 0.339125 0
 0.339375 0
 0.339625 0
 0.339875 0
 0.340125 0
 0.340375 0
 0.340625 0
 0.340875 0
 0.341125 0
 0.341375 0
 0.341625 0
 0.341875 0
 0.342125 0
 0.342375 0
 0.342625 0
 0.342875 0
 0.343125 0
 0.343375 0
 0.343625 0
 0.343875 0
 0.344125 0
 0.344375 0
 0.344625 0
 0.344875 0
 0.345125 0
 0.345375 0
 0.345625 0
 0.345875 0
 0.346125 0
 0.346375 0
 0.346625 0
 0.346875 0
 0.347125 0
 0.347375 0
 0.347625 0
 0.347875 0
 0.348125 0
 0.348375 0
 0.348625 0
 0.348875 0
 0.349125 0
 0.349375 0
 0.349625 0
 0.349875 0
 0.350125 0
 0.350375 0
 0.350625 0
 0.350875 2
 0.351125 2
 0.351375 2
 0.351625 2
 0.351875 2
 0.352125 2
 0.352375 2
 0.352625 2
 0.352875 2
 0.353125 2
 0.353375 2
 0.353625 2
 0.353875 2
 0.354125 2
 0.354375 2
 0.354625 2
 0.354875 2
 0.355125 0
 0.355375 0
 0.355625 0
 0.355875 0
 0.356125 0
 0.356375 0
 0.356625 0
 0.356875 0
 0.357125 0
 0.357375 0
 0.357625 0
 0.357875 0
 0.358125 0
 0.358375 0
 0.358625 0
 0.358875 0
 0.359125 0
 0.359375 0
 0.359625 0
 0.359875 0
 0.360125 0
 0.360375 0
 0.360625 0
 0.360875 0
 0.361125 0
 0.361375 0
 0.361625 0
 0.361875 0
 0.362125 0
 0.362375 0
 0.362625 0
 0.362875 0
 0.363125 0
 0.363375 0
 0.363625 0
 0.363875 0
 0.364125 0
 0.364375 0
 0.364625 0
 0.364875 0
 0.365125 0
 0.365375 0
 0.365625 0
 0.365875 0
 0.366125 0
 0.366375 0
 0.366625 0
 0.366875 0
 0.367125 0
 0.367375 0
 0.367625 0
 0.367875 0
 0.368125 0
 0.368375 0
 0.368625 0
 0.368875 0
 0.369125 0
 0.369375 0
 0.369625 0
 0.369875 0
 0.370125 0
 0.370375 0
 0.370625 0
 0.370875 0
 0.371125 0
 0.371375 0
 0.371625 0
 0.371875 0
 0.372125 0
 0.372375 0
 0.372625 0
 0.372875 0
 0.373125 0
 0.373375 0
 0.373625 0
 0.373875 0
 0.374125 0
 0.374375 0
 0.374625 0
 0.374875 0
 0.375125 0
 0.375375 0
 0.375625 0
 0.375875 0
 0.376125 0
 0.376375 0
 0.376625 0
 0.376875 0
 0.377125 0
 0.377375 0
 0.377625 0
 0.377875 0
 0.378125 0
 0.378375 0
 0.378625 0
 0.378875 0
 0.379125 0
 0.379375 0
 0.379625 0
 0.379875 0
 0.380125 0
 0.380375 0
 0.380625 0
 0.380875 0
 0.381125 0
 0.381375 0
 0.381625 0
 0.381875 0
 0.382125 0
 0.382375 0
 0.382625 0
 0.382875 0
 0.383125 0
 0.383375 0
 0.383625 0
 0.383875 0
 0.384125 0
 0.384375 0
 0.384625 0
 0.384875 0
 0.385125 0
 0.385375 0
 0.385625 0
 0.385875 0
 0.386125 0
 0.386375 0
 0.386625 0
 0.386875 0
 0.387125 0
 0.387375 0
 0.387625 0
 0.387875 0
 0.388125 0
 0.388375 0
 0.388625 0
 0.388875 0
 0.389125 0
 0.389375 0
 0.389625 0
 0.389875 0
 0.390125 0
 0.390375 0
 0.390625 0
 0.390875 0
 0.391125 0
 0.391375 0
 0.391625 0
 0.391875 0
 0.392125 0
 0.392375 0
 0.392625 0
 0.392875 0
 0.393125 0
 0.393375 0
 0.393625 0
 0.393875 0
 0.394125 0
 0.394375 0
 0.394625 0
 0.394875 0
 0.395125 0
 0.395375 0
 0.395625 0
 0.395875 0
 0.396125 0
 0.396375 0
 0.396625 0
 0.396875 0
 0.397125 0
 0.397375 0
 0.397625 2
 0.397875 2
 0.398125 2
 0.398375 2
 0.398625 2
 0.398875 2
 0.399125 2
 0.399375 2
 0.399625 2
 0.399875 2
 0.400125 2
 0.400375 2
 0.400625 2
 0.400875 2
 0.401125 2
 0.401375 2
 0.401625 2
 0.401875 2
 0.402125 2
 0.402375 2
 0.402625 2
 0.402875 2
 0.403125 2
 0.403375 2
 0.403625 2
 0.403875 2
 0.404125 2
 0.404375 2
 0.404625 2
 0.404875 2
 0.405125 2
 0.405375 2
 0.405625 2
 0.405875 2
 0.406125 2
 0.406375 2
 0.406625 2
 0.406875 2
 0.407125 2
 0.407375 2
 0.407625 2
 0.407875 2
 0.408125 2
 0.408375 2
 0.408625 2
 0.408875 2
 0.409125 0
 0.409375 0
 0.409625 0
 0.409875 0
 0.410125 0
 0.410375 0
 0.410625 0
 0.410875 0
 0.411125 0
 0.411375 0
 0.411625 0
 0.411875 0
 0.412125 0
 0.412375 0
 0.412625 0
 0.412875 0
 0.413125 0
 0.413375 0
 0.413625 0
 0.413875 0
 0.414125 0
 0.414375 0
 0.414625 0
 0.414875 0
 0.415125 0
 0.415375 0
 0.415625 0
 0.415875 0
 0.416125 0
 0.416375 0
 0.416625 0
 0.416875 0
 0.417125 0
 0.417375 0
 0.417625 0
 0.417875 0
 0.418125 0
 0.418375 0
 0.418625 0
 0.418875 0
 0.419125 0
 0.419375 0
 0.419625 0
 0.419875 0
 0.420125 0
 0.420375 0
 0.420625 0
 0.420875 0
 0.421125 0
 0.421375 0
 0.421625 0
 0.421875 0
 0.422125 0
 0.422375 0
 0.422625 0
 0.422875 0
 0.423125 0
 0.423375 0
 0.423625 0
 0.423875 0
 0.424125 0
 0.424375 0
 0.424625 4
 0.424875 4
 0.425125 4
 0.425375 4
 0.425625 4
 0.425875 4
 0.426125 4
 0.426375 4
 0.426625 4
 0.426875 4
 0.427125 4
 0.427375 4
 0.427625 4
 0.427875 4
 0.428125 4
 0.428375 4
 0.428625 4
 0.428875 4
 0.429125 4
 0.429375 4
 0.429625 4
 0.429875 4
 0.430125 4
 0.430375 4
 0.430625 4
 0.430875 4
 0.431125 4
 0.431375 4
 0.431625 4
 0.431875 4
 0.432125 4
 0.432375 4
 0.432625 4
 0.432875 4
 0.433125 4
 0.433375 4
 0.433625 4
 0.433875 4
 0.434125 4
 0.434375 4
 0.434625 4
 0.434875 4
 0.435125 4
 0.435375 4
 0.435625 4
 0.435875 4
 0.436125 4
 0.436375 4
 0.436625 4
 0.436875 4
 0.437125 4
 0.437375 4
 0.437625 4
 0.437875 4
 0.438125 4
 0.438375 4
 0.438625 4
 0.438875 0
 0.439125 0
 0.439375 0
 0.439625 0
 0.439875 0
 0.440125 0
 0.440375 0
 0.440625 0
 0.440875 0
 0.441125 0
 0.441375 0
 0.441625 0
 0.441875 0
 0.442125 0
 0.442375 0
 0.442625 0
 0.442875 0
 0.443125 0
 0.443375 0
 0.443625 0
 0.443875 0
 0.444125 0
 0.444375 0
 0.444625 0
 0.444875 0
 0.445125 0
 0.445375 0
 0.445625 0
 0.445875 0
 0.446125 0
 0.446375 0
 0.446625 0
 0.446875 0
 0.447125 0
 0.447375 0
 0.447625 0
 0.447875 0
 0.448125 0
 0.448375 0
 0.448625 0
 0.448875 0
 0.449125 0
 0.449375 0
 0.449625 0
 0.449875 0
 0.450125 0
 0.450375 0
 0.450625 0
 0.450875 0
 0.451125 0
 0.451375 0
 0.451625 0
 0.451875 0
 0.452125 0
 0.452375 0
 0.452625 0
 0.452875 0
 0.453125 0
 0.453375 0
 0.453625 0
 0.453875 0
 0.454125 0
 0.454375 0
 0.454625 0
 0.454875 0
 0.455125 0
 0.455375 0
 0.455625 0
 0.455875 0
 0.456125 0
 0.456375 0
 0.456625 0
 0.456875 0
 0.457125 0
 0.457375 0
 0.457625 0
 0.457875 0
 0.458125 0
 0.458375 0
 0.458625 0
 0.458875 0
 0.459125 0
 0.459375 0
 0.459625 0
 0.459875 0
 0.460125 0
 0.460375 0
 0.460625 0
 0.460875 0
 0.461125 0
 0.461375 0
 0.461625 0
 0.461875 0
 0.462125 0
 0.462375 0
 0.462625 0
 0.462875 0
 0.463125 0
 0.463375 0
 0.463625 0
 0.463875 0
 0.464125 0
 0.464375 0
 0.464625 0
 0.464875 0
 0.465125 0
 0.465375 0
 0.465625 0
 0.465875 0
 0.466125 0
 0.466375 0
 0.466625 0
 0.466875 0
 0.467125 0
 0.467375 0
 0.467625 0
 0.467875 0
 0.468125 0
 0.468375 0
 0.468625 0
 0.468875 0
 0.469125 0
 0.469375 0
 0.469625 0
 0.469875 0
 0.470125 0
 0.470375 0
 0.470625 0
 0.470875 0
 0.471125 0
 0.471375 0
 0.471625 0
 0.471875 0
 0.472125 0
 0.472375 0
 0.472625 0
 0.472875 0
 0.473125 0
 0.473375 0
 0.473625 0
 0.473875 0
 0.474125 0
 0.474375 0
 0.474625 0
 0.474875 0
 0.475125 0
 0.475375 0
 0.475625 0
 0.475875 0
 0.476125 0
 0.476375 0
 0.476625 0
 0.476875 0
 0.477125 0
 0.477375 0
 0.477625 0
 0.477875 0
 0.478125 0
 0.478375 0
 0.478625 0
 0.478875 0
 0.479125 0
 0.479375 0
 0.479625 0
 0.479875 0
 0.480125 0
 0.480375 0
 0.480625 0
 0.480875 0
 0.481125 0
 0.481375 0
 0.481625 0
 0.481875 0
 0.482125 0
 0.482375 0
 0.482625 0
 0.482875 0
 0.483125 0
 0.483375 0
 0.483625 0
 0.483875 0
 0.484125 0
 0.484375 0
 0.484625 0
 0.484875 0
 0.485125 0
 0.485375 0
 0.485625 0
 0.485875 0
 0.486125 0
 0.486375 0
 0.486625 0
 0.486875 0
 0.487125 0
 0.487375 0
 0.487625 0
 0.487875 0
 0.488125 0
 0.488375 0
 0.488625 0
 0.488875 0
 0.489125 0
 0.489375 0
 0.489625 0
 0.489875 0
 0.490125 0
 0.490375 0
 0.490625 0
 0.490875 0
 0.491125 0
 0.491375 0
 0.491625 0
 0.491875 0
 0.492125 0
 0.492375 0
 0.492625 0
 0.492875 0
 0.493125 0
 0.493375 0
 0.493625 0
 0.493875 0
 0.494125 0
 0.494375 0
 0.494625 0
 0.494875 0
 0.495125 0
 0.495375 0
 0.495625 0
 0.495875 0
 0.496125 0
 0.496375 0
 0.496625 0
 0.496875 0
 0.497125 0
 0.497375 0
 0.497625 0
 0.497875 0
 0.498125 0
 0.498375 0
 0.498625 0
 0.498875 0
 0.499125 0
 0.499375 0
 0.499625 0
 0.499875 0
 0.500125 0
 0.500375 0
 0.500625 0
 0.500875 0
 0.501125 0
 0.501375 0
 0.501625 0
 0.501875 0
 0.502125 0
 0.502375 0
 0.502625 0
 0.502875 0
 0.503125 0
 0.503375 0
 0.503625 0
 0.503875 0
 0.504125 0
 0.504375 0
 0.504625 0
 0.504875 0
 0.505125 0
 0.505375 0
 0.505625 0
 0.505875 0
 0.506125 0
 0.506375 0
 0.506625 0
 0.506875 0
 0.507125 0
 0.507375 0
 0.507625 0
 0.507875 0
 0.508125 0
 0.508375 0
 0.508625 0
 0.508875 0
 0.509125 0
 0.509375 0
 0.509625 0
 0.509875 0
 0.510125 0
 0.510375 0
 0.510625 0
 0.510875 0
 0.511125 0
 0.511375 0
 0.511625 0
 0.511875 0
 0.512125 0
 0.512375 0
 0.512625 0
 0.512875 0
 0.513125 0
 0.513375 0
 0.513625 0
 0.513875 0
 0.514125 0
 0.514375 0
 0.514625 0
 0.514875 0
 0.515125 0
 0.515375 0
 0.515625 0
 0.515875 0
 0.516125 0
 0.516375 0
 0.516625 0
 0.516875 0
 0.517125 0
 0.517375 0
 0.517625 0
 0.517875 0
 0.518125 0
 0.518375 0
 0.518625 0
 0.518875 0
 0.519125 0
 0.519375 0
 0.519625 0
 0.519875 0
 0.520125 0
 0.520375 0
 0.520625 0
 0.520875 0
 0.521125 0
 0.521375 0
 0.521625 0
 0.521875 0
 0.522125 0
 0.522375 0
 0.522625 0
 0.522875 0
 0.523125 0
 0.523375 0
 0.523625 0
 0.523875 0
 0.524125 0
 0.524375 0
 0.524625 0
 0.524875 0
 0.525125 0
 0.525375 0
 0.525625 0
 0.525875 0
 0.526125 0
 0.526375 4
 0.526625 4
 0.526875 4
 0.527125 4
 0.527375 4
 0.527625 4
 0.527875 4
 0.528125 4
 0.528375 4
 0.528625 4
 0.528875 4
 0.529125 4
 0.529375 4
 0.529625 4
 0.529875 4
 0.530125 4
 0.530375 4
 0.530625 4
 0.530875 4
 0.531125 4
 0.531375 4
 0.531625 4
 0.531875 4
 0.532125 4
 0.532375 4
 0.532625 4
 0.532875 4
 0.533125 4
 0.533375 4
 0.533625 4
 0.533875 4
 0.534125 4
 0.534375 4
 0.534625 4
 0.534875 4
 0.535125 4
 0.535375 4
 0.535625 4
 0.535875 4
 0.536125 4
 0.536375 4
 0.536625 4
 0.536875 4
 0.537125 4
 0.537375 4
 0.537625 0
 0.537875 0
 0.538125 0
 0.538375 0
 0.538625 0
 0.538875 0
 0.539125 0
 0.539375 0
 0.539625 0
 0.539875 0
 0.540125 0
 0.540375 0
 0.540625 0
 0.540875 0
 0.541125 0
 0.541375 0
 0.541625 0
 0.541875 0
 0.542125 0
 0.542375 0
 0.542625 0
 0.542875 0
 0.543125 0
 0.543375 0
 0.543625 0
 0.543875 0
 0.544125 0
 0.544375 0
 0.544625 0
 0.544875 0
 0.545125 0
 0.545375 0
 0.545625 0
 0.545875 0
 0.546125 0
 0.546375 0
 0.546625 0
 0.546875 0
 0.547125 0
 0.547375 0
 0.547625 0
 0.547875 0
 0.548125 0
 0.548375 0
 0.548625 0
 0.548875 0
 0.549125 0
 0.549375 0
 0.549625 0
 0.549875 0
 0.550125 0
 0.550375 0
 0.550625 0
 0.550875 0
 0.551125 0
 0.551375 0
 0.551625 0
 0.551875 0
 0.552125 0
 0.552375 0
 0.552625 0
 0.552875 0
 0.553125 0
 0.553375 0
 0.553625 0
 0.553875 0
 0.554125 0
 0.554375 0
 0.554625 0
 0.554875 0
 0.555125 0
 0.555375 0
 0.555625 0
 0.555875 0
 0.556125 0
 0.556375 0
 0.556625 0
 0.556875 0
 0.557125 0
 0.557375 0
 0.557625 0
 0.557875 0
 0.558125 0
 0.558375 0
 0.558625 2
 0.558875 2
 0.559125 2
 0.559375 2
 0.559625 2
 0.559875 2
 0.560125 2
 0.560375 2
 0.560625 2
 0.560875 2
 0.561125 2
 0.561375 2
 0.561625 1
 0.561875 1
 0.562125 1
 0.562375 1
 0.562625 1
 0.562875 1
 0.563125 1
 0.563375 1
 0.563625 1
 0.563875 1
 0.564125 1
 0.564375 1
 0.564625 1
 0.564875 1
 0.565125 1
 0.565375 0
 0.565625 0
 0.565875 0
 0.566125 0
 0.566375 0
 0.566625 1
 0.566875 0
 0.567125 0
 0.567375 0
 0.567625 0
 0.567875 0
 0.568125 0
 0.568375 0
 0.568625 0
 0.568875 0
 0.569125 0
 0.569375 0
 0.569625 0
 0.569875 0
 0.570125 0
 0.570375 0
 0.570625 0
 0.570875 0
 0.571125 0
 0.571375 0
 0.571625 0
 0.571875 0
 0.572125 0
 0.572375 0
 0.572625 0
 0.572875 0
 0.573125 0
 0.573375 0
 0.573625 0
 0.573875 0
 0.574125 0
 0.574375 0
 0.574625 0
 0.574875 0
 0.575125 0
 0.575375 0
 0.575625 0
 0.575875 0
 0.576125 0
 0.576375 0
 0.576625 0
 0.576875 0
 0.577125 0
 0.577375 0
 0.577625 0
 0.577875 0
 0.578125 0
 0.578375 0
 0.578625 0
 0.578875 0
 0.579125 0
 0.579375 0
 0.579625 0
 0.579875 0
 0.580125 0
 0.580375 0
 0.580625 0
 0.580875 0
 0.581125 0
 0.581375 0
 0.581625 0
 0.581875 0
 0.582125 0
 0.582375 0
 0.582625 0
 0.582875 0
 0.583125 0
 0.583375 0
 0.583625 0
 0.583875 0
 0.584125 0
 0.584375 0
 0.584625 0
 0.584875 2
 0.585125 2
 0.585375 2
 0.585625 2
 0.585875 2
 0.586125 2
 0.586375 2
 0.586625 2
 0.586875 2
 0.587125 2
 0.587375 2
 0.587625 2
 0.587875 2
 0.588125 2
 0.588375 2
 0.588625 2
 0.588875 2
 0.589125 2
 0.589375 2
 0.589625 2
 0.589875 2
 0.590125 2
 0.590375 2
 0.590625 2
 0.590875 2
 0.591125 2
 0.591375 2
 0.591625 2
 0.591875 2
 0.592125 2
 0.592375 2
 0.592625 2
 0.592875 2
 0.593125 2
 0.593375 2
 0.593625 2
 0.593875 2
 0.594125 2
 0.594375 2
 0.594625 2
 0.594875 2
 0.595125 0
 0.595375 0
 0.595625 0
 0.595875 0
 0.596125 0
 0.596375 0
 0.596625 0
 0.596875 0
 0.597125 0
 0.597375 0
 0.597625 0
 0.597875 0
 0.598125 0
 0.598375 0
 0.598625 0
 0.598875 0
 0.599125 0
 0.599375 0
 0.599625 0
 0.599875 0
 0.600125 0
 0.600375 0
 0.600625 0
 0.600875 0
 0.601125 0
 0.601375 0
 0.601625 0
 0.601875 0
 0.602125 0
 0.602375 0
 0.602625 0
 0.602875 0
 0.603125 0
 0.603375 0
 0.603625 0
 0.603875 0
 0.604125 0
 0.604375 0
 0.604625 0
 0.604875 0
 0.605125 0
 0.605375 0
 0.605625 0
 0.605875 0
 0.606125 0
 0.606375 0
 0.606625 0
 0.606875 0
 0.607125 0
 0.607375 0
 0.607625 0
 0.607875 0
 0.608125 0
 0.608375 0
 0.608625 0
 0.608875 0
 0.609125 0
 0.609375 0
 0.609625 0
 0.609875 0
 0.610125 0
 0.610375 0
 0.610625 0
 0.610875 0
 0.611125 0
 0.611375 0
 0.611625 0
 0.611875 0
 0.612125 0
 0.612375 0
 0.612625 0
 0.612875 0
 0.613125 0
 0.613375 0
 0.613625 0
 0.613875 0
 0.614125 0
 0.614375 0
 0.614625 0
 0.614875 0
 0.615125 0
 0.615375 0
 0.615625 0
 0.615875 0
 0.616125 0
 0.616375 0
 0.616625 0
 0.616875 0
 0.617125 0
 0.617375 0
 0.617625 0
 0.617875 0
 0.618125 0
 0.618375 0
 0.618625 0
 0.618875 0
 0.619125 0
 0.619375 0
 0.619625 0
 0.619875 0
 0.620125 0
 0.620375 0
 0.620625 0
 0.620875 0
 0.621125 0
 0.621375 0
 0.621625 0
 0.621875 0
 0.622125 0
 0.622375 0
 0.622625 0
 0.622875 0
 0.623125 0
 0.623375 0
 0.623625 0
 0.623875 0
 0.624125 0
 0.624375 0
 0.624625 0
 0.624875 0
 0.625125 0
 0.625375 0
 0.625625 0
 0.625875 0
 0.626125 0
 0.626375 0
 0.626625 0
 0.626875 0
 0.627125 0
 0.627375 0
 0.627625 0
 0.627875 0
 0.628125 0
 0.628375 0
 0.628625 0
 0.628875 0
 0.629125 0
 0.629375 0
 0.629625 0
 0.629875 0
 0.630125 0
 0.630375 0
 0.630625 0
 0.630875 0
 0.631125 0
 0.631375 0
 0.631625 0
 0.631875 0
 0.632125 0
 0.632375 0
 0.632625 0
 0.632875 0
 0.633125 0
 0.633375 0
 0.633625 0
 0.633875 0
 0.634125 0
 0.634375 0
 0.634625 0
 0.634875 0
 0.635125 0
 0.635375 0
 0.635625 0
 0.635875 0
 0.636125 0
 0.636375 0
 0.636625 0
 0.636875 0
 0.637125 0
 0.637375 0
 0.637625 0
 0.637875 0
 0.638125 0
 0.638375 0
 0.638625 0
 0.638875 0
 0.639125 0
 0.639375 0
 0.639625 0
 0.639875 0
 0.640125 0
 0.640375 0
 0.640625 0
 0.640875 0
 0.641125 0
 0.641375 0
 0.641625 0
 0.641875 0
 0.642125 0
 0.642375 0
 0.642625 0
 0.642875 0
 0.643125 0
 0.643375 0
 0.643625 0
 0.643875 0
 0.644125 0
 0.644375 0
 0.644625 0
 0.644875 0
 0.645125 0
 0.645375 0
 0.645625 0
 0.645875 0
 0.646125 0
 0.646375 0
 0.646625 0
 0.646875 0
 0.647125 0
 0.647375 0
 0.647625 0
 0.647875 0
 0.648125 0
 0.648375 0
 0.648625 0
 0.648875 0
 0.649125 0
 0.649375 0
 0.649625 0
 0.649875 0
 0.650125 0
 0.650375 0
 0.650625 0
 0.650875 0
 0.651125 0
 0.651375 0
 0.651625 0
 0.651875 0
 0.652125 0
 0.652375 0
 0.652625 0
 0.652875 0
 0.653125 0
 0.653375 0
 0.653625 0
 0.653875 0
 0.654125 0
 0.654375 0
 0.654625 0
 0.654875 0
 0.655125 0
 0.655375 0
 0.655625 0
 0.655875 0
 0.656125 0
 0.656375 0
 0.656625 0
 0.656875 0
 0.657125 0
 0.657375 0
 0.657625 0
 0.657875 0
 0.658125 0
 0.658375 0
 0.658625 0
 0.658875 0
 0.659125 0
 0.659375 0
 0.659625 0
 0.659875 0
 0.660125 0
 0.660375 0
 0.660625 0
 0.660875 0
 0.661125 0
 0.661375 0
 0.661625 0
 0.661875 0
 0.662125 0
 0.662375 0
 0.662625 0
 0.662875 0
 0.663125 0
 0.663375 0
 0.663625 0
 0.663875 0
 0.664125 0
 0.664375 0
 0.664625 0
 0.664875 0
 0.665125 0
 0.665375 0
 0.665625 0
 0.665875 0
 0.666125 0
 0.666375 0
 0.666625 0
 0.666875 0
 0.667125 0
 0.667375 0
 0.667625 0
 0.667875 0
 0.668125 0
 0.668375 0
 0.668625 0
 0.668875 0
 0.669125 0
 0.669375 0
 0.669625 0
 0.669875 0
 0.670125 0
 0.670375 0
 0.670625 0
 0.670875 0
 0.671125 0
 0.671375 0
 0.671625 0
 0.671875 0
 0.672125 0
 0.672375 0
 0.672625 0
 0.672875 0
 0.673125 0
 0.673375 0
 0.673625 0
 0.673875 0
 0.674125 0
 0.674375 0
 0.674625 0
 0.674875 0
 0.675125 0
 0.675375 0
 0.675625 0
 0.675875 0
 0.676125 0
 0.676375 0
 0.676625 0
 0.676875 0
 0.677125 0
 0.677375 0
 0.677625 0
 0.677875 0
 0.678125 0
 0.678375 0
 0.678625 0
 0.678875 0
 0.679125 0
 0.679375 0
 0.679625 0
 0.679875 0
 0.680125 0
 0.680375 0
 0.680625 0
 0.680875 0
 0.681125 0
 0.681375 0
 0.681625 0
 0.681875 0
 0.682125 0
 0.682375 0
 0.682625 0
 0.682875 0
 0.683125 0
 0.683375 0
 0.683625 0
 0.683875 0
 0.684125 0
 0.684375 0
 0.684625 0
 0.684875 0
 0.685125 0
 0.685375 0
 0.685625 0
 0.685875 0
 0.686125 0
 0.686375 0
 0.686625 0
 0.686875 0
 0.687125 0
 0.687375 0
 0.687625 0
 0.687875 0
 0.688125 0
 0.688375 0
 0.688625 0
 0.688875 0
 0.689125 0
 0.689375 0
 0.689625 0
 0.689875 0
 0.690125 0
 0.690375 0
 0.690625 0
 0.690875 0
 0.691125 0
 0.691375 0
 0.691625 0
 0.691875 0
 0.692125 0
 0.692375 0
 0.692625 0
 0.692875 0
 0.693125 0
 0.693375 0
 0.693625 0
 0.693875 0
 0.694125 0
 0.694375 0
 0.694625 0
 0.694875 0
 0.695125 0
 0.695375 0
 0.695625 0
 0.695875 0
 0.696125 0
 0.696375 0
 0.696625 0
 0.696875 0
 0.697125 0
 0.697375 0
 0.697625 0
 0.697875 0
 0.698125 0
 0.698375 0
 0.698625 0
 0.698875 0
 0.699125 0
 0.699375 0
 0.699625 0
 0.699875 0
 0.700125 0
 0.700375 0
 0.700625 0
 0.700875 0
 0.701125 0
 0.701375 0
 0.701625 0
 0.701875 0
 0.702125 0
 0.702375 0
 0.702625 0
 0.702875 0
 0.703125 0
 0.703375 0
 0.703625 0
 0.703875 0
 0.704125 0
 0.704375 0
 0.704625 0
 0.704875 0
 0.705125 0
 0.705375 0
 0.705625 0
 0.705875 0
 0.706125 0
 0.706375 0
 0.706625 0
 0.706875 0
 0.707125 0
 0.707375 0
 0.707625 0
 0.707875 0
 0.708125 0
 0.708375 0
 0.708625 0
 0.708875 0
 0.709125 0
 0.709375 0
 0.709625 0
 0.709875 0
 0.710125 0
 0.710375 0
 0.710625 0
 0.710875 0
 0.711125 0
 0.711375 0
 0.711625 0
 0.711875 0
 0.712125 0
 0.712375 0
 0.712625 0
 0.712875 0
 0.713125 0
 0.713375 0
 0.713625 0
 0.713875 0
 0.714125 0
 0.714375 0
 0.714625 0
 0.714875 0
 0.715125 0
 0.715375 0
 0.715625 0
 0.715875 0
 0.716125 0
 0.716375 0
 0.716625 0
 0.716875 0
 0.717125 0
 0.717375 0
 0.717625 0
 0.717875 0
 0.718125 0
 0.718375 0
 0.718625 0
 0.718875 0
 0.719125 0
 0.719375 0
 0.719625 0
 0.719875 0
 0.720125 0
 0.720375 0
 0.720625 0
 0.720875 0
 0.721125 0
 0.721375 0
 0.721625 0
 0.721875 0
 0.722125 0
 0.722375 0
 0.722625 0
 0.722875 0
 0.723125 0
 0.723375 0
 0.723625 0
 0.723875 0
 0.724125 0
 0.724375 0
 0.724625 0
 0.724875 0
 0.725125 0
 0.725375 0
 0.725625 0
 0.725875 0
 0.726125 0
 0.726375 0
 0.726625 0
 0.726875 0
 0.727125 0
 0.727375 0
 0.727625 0
 0.727875 0
 0.728125 0
 0.728375 0
 0.728625 0
 0.728875 0
 0.729125 0
 0.729375 0
 0.729625 1
 0.729875 1
 0.730125 1
 0.730375 1
 0.730625 1
 0.730875 1
 0.731125 1
 0.731375 1
 0.731625 1
 0.731875 1
 0.732125 1
 0.732375 1
 0.732625 1
 0.732875 1
 0.733125 1
 0.733375 1
 0.733625 1
 0.733875 1
 0.734125 1
 0.734375 1
 0.734625 1
 0.734875 1
 0.735125 1
 0.735375 1
 0.735625 1
 0.735875 1
 0.736125 1
 0.736375 1
 0.736625 1
 0.736875 1
 0.737125 1
 0.737375 1
 0.737625 1
 0.737875 1
 0.738125 1
 0.738375 1
 0.738625 1
 0.738875 1
 0.739125 1
 0.739375 1
 0.739625 1
 0.739875 1
 0.740125 1
 0.740375 1
 0.740625 1
 0.740875 1
 0.741125 1
 0.741375 1
 0.741625 1
 0.741875 1
 0.742125 1
 0.742375 1
 0.742625 1
 0.742875 1
 0.743125 1
 0.743375 1
 0.743625 1
 0.743875 1
 0.744125 1
 0.744375 1
 0.744625 1
 0.744875 1
 0.745125 1
 0.745375 1
 0.745625 1
 0.745875 1
 0.746125 1
 0.746375 1
 0.746625 1
 0.746875 1
 0.747125 1
 0.747375 1
 0.747625 1
 0.747875 1
 0.748125 1
 0.748375 1
 0.748625 1
 0.748875 1
 0.749125 1
 0.749375 1
 0.749625 1
 0.749875 1
 0.750125 1
 0.750375 1
 0.750625 1
 0.750875 1
 0.751125 1
 0.751375 1
 0.751625 1
 0.751875 1
 0.752125 1
 0.752375 1
 0.752625 1
 0.752875 1
 0.753125 1
 0.753375 1
 0.753625 1
 0.753875 1
 0.754125 1
 0.754375 1
 0.754625 1
 0.754875 1
 0.755125 1
 0.755375 1
 0.755625 1
 0.755875 1
 0.756125 1
 0.756375 1
 0.756625 1
 0.756875 1
 0.757125 1
 0.757375 1
 0.757625 1
 0.757875 1
 0.758125 1
 0.758375 1
 0.758625 1
 0.758875 1
 0.759125 1
 0.759375 1
 0.759625 1
 0.759875 1
 0.760125 1
 0.760375 1
 0.760625 1
 0.760875 1
 0.761125 1
 0.761375 1
 0.761625 1
 0.761875 1
 0.762125 1
 0.762375 1
 0.762625 1
 0.762875 1
 0.763125 1
 0.763375 1
 0.763625 1
 0.763875 1
 0.764125 1
 0.764375 1
 0.764625 1
 0.764875 1
 0.765125 1
 0.765375 1
 0.765625 1
 0.765875 1
 0.766125 1
 0.766375 1
 0.766625 1
 0.766875 1
 0.767125 1
 0.767375 1
 0.767625 1
 0.767875 1
 0.768125 1
 0.768375 1
 0.768625 1
 0.768875 1
 0.769125 1
 0.769375 1
 0.769625 1
 0.769875 1
 0.770125 1
 0.770375 1
 0.770625 1
 0.770875 1
 0.771125 1
 0.771375 1
 0.771625 1
 0.771875 1
 0.772125 1
 0.772375 1
 0.772625 1
 0.772875 1
 0.773125 1
 0.773375 1
 0.773625 1
 0.773875 1
 0.774125 1
 0.774375 1
 0.774625 1
 0.774875 1
 0.775125 1
 0.775375 1
 0.775625 1
 0.775875 1
 0.776125 1
 0.776375 1
 0.776625 1
 0.776875 1
 0.777125 1
 0.777375 1
 0.777625 1
 0.777875 1
 0.778125 1
 0.778375 1
 0.778625 1
 0.778875 1
 0.779125 1
 0.779375 1
 0.779625 1
 0.779875 1
 0.780125 1
 0.780375 1
 0.780625 1
 0.780875 1
 0.781125 1
 0.781375 1
 0.781625 1
 0.781875 1
 0.782125 1
 0.782375 1
 0.782625 1
 0.782875 1
 0.783125 1
 0.783375 1
 0.783625 1
 0.783875 1
 0.784125 1
 0.784375 1
 0.784625 1
 0.784875 1
 0.785125 1
 0.785375 1
 0.785625 1
 0.785875 1
 0.786125 1
 0.786375 1
 0.786625 1
 0.786875 1
 0.787125 1
 0.787375 1
 0.787625 1
 0.787875 1
 0.788125 1
 0.788375 1
 0.788625 1
 0.788875 1
 0.789125 1
 0.789375 1
 0.789625 1
 0.789875 1
 0.790125 1
 0.790375 1
 0.790625 1
 0.790875 1
 0.791125 1
 0.791375 1
 0.791625 1
 0.791875 1
 0.792125 1
 0.792375 1
 0.792625 1
 0.792875 1
 0.793125 1
 0.793375 1
 0.793625 1
 0.793875 1
 0.794125 1
 0.794375 1
 0.794625 1
 0.794875 1
 0.795125 1
 0.795375 1
 0.795625 1
 0.795875 1
 0.796125 1
 0.796375 1
 0.796625 1
 0.796875 1
 0.797125 1
 0.797375 1
 0.797625 1
 0.797875 1
 0.798125 1
 0.798375 1
 0.798625 1
 0.798875 1
 0.799125 1
 0.799375 1
 0.799625 1
 0.799875 1
 0.800125 1
 0.800375 1
 0.800625 1
 0.800875 1
 0.801125 1
 0.801375 1
 0.801625 1
 0.801875 1
 0.802125 1
 0.802375 1
 0.802625 1
 0.802875 1
 0.803125 1
 0.803375 1
 0.803625 1
 0.803875 1
 0.804125 1
 0.804375 1
 0.804625 1
 0.804875 1
 0.805125 1
 0.805375 1
 0.805625 1
 0.805875 1
 0.806125 1
 0.806375 1
 0.806625 1
 0.806875 1
 0.807125 2
 0.807375 2
 0.807625 2
 0.807875 2
 0.808125 2
 0.808375 2
 0.808625 2
 0.808875 2
 0.809125 2
 0.809375 2
 0.809625 2
 0.809875 2
 0.810125 2
 0.810375 2
 0.810625 2
 0.810875 2
 0.811125 2
 0.811375 2
 0.811625 2
 0.811875 2
 0.812125 2
 0.812375 2
 0.812625 2
 0.812875 2
 0.813125 2
 0.813375 2
 0.813625 3
 0.813875 2
 0.814125 2
 0.814375 3
 0.814625 3
 0.814875 2
 0.815125 2
 0.815375 3
 0.815625 3
 0.815875 3
 0.816125 3
 0.816375 3
 0.816625 3
 0.816875 3
 0.817125 3
 0.817375 3
 0.817625 3
 0.817875 3
 0.818125 3
 0.818375 3
 0.818625 3
 0.818875 3
 0.819125 3
 0.819375 3
 0.819625 3
 0.819875 3
 0.820125 3
 0.820375 3
 0.820625 3
 0.820875 3
 0.821125 3
 0.821375 3
 0.821625 3
 0.821875 3
 0.822125 3
 0.822375 3
 0.822625 3
 0.822875 3
 0.823125 3
 0.823375 3
 0.823625 3
 0.823875 3
 0.824125 3
 0.824375 3
 0.824625 3
 0.824875 3
 0.825125 3
 0.825375 3
 0.825625 3
 0.825875 3
 0.826125 3
 0.826375 3
 0.826625 3
 0.826875 3
 0.827125 3
 0.827375 3
 0.827625 3
 0.827875 3
 0.828125 3
 0.828375 3
 0.828625 3
 0.828875 3
 0.829125 3
 0.829375 3
 0.829625 3
 0.829875 3
 0.830125 3
 0.830375 3
 0.830625 3
 0.830875 3
 0.831125 3
 0.831375 3
 0.831625 3
 0.831875 3
 0.832125 3
 0.832375 3
 0.832625 3
 0.832875 3
 0.833125 3
 0.833375 3
 0.833625 3
 0.833875 3
 0.834125 3
 0.834375 3
 0.834625 3
 0.834875 3
 0.835125 3
 0.835375 3
 0.835625 3
 0.835875 3
 0.836125 3
 0.836375 3
 0.836625 3
 0.836875 3
 0.837125 3
 0.837375 3
 0.837625 3
 0.837875 3
 0.838125 3
 0.838375 3
 0.838625 3
 0.838875 3
 0.839125 3
 0.839375 3
 0.839625 3
 0.839875 3
 0.840125 3
 0.840375 3
 0.840625 3
 0.840875 3
 0.841125 3
 0.841375 3
 0.841625 3
 0.841875 3
 0.842125 3
 0.842375 3
 0.842625 3
 0.842875 3
 0.843125 0
 0.843375 0
 0.843625 3
 0.843875 3
 0.844125 3
 0.844375 3
 0.844625 2
 0.844875 0
 0.845125 0
 0.845375 0
 0.845625 3
 0.845875 0
 0.846125 0
 0.846375 0
 0.846625 0
 0.846875 0
 0.847125 0
 0.847375 0
 0.847625 0
 0.847875 1
 0.848125 1
 0.848375 1
 0.848625 1
 0.848875 1
 0.849125 1
 0.849375 1
 0.849625 1
 0.849875 1
 0.850125 1
 0.850375 1
 0.850625 1
 0.850875 1
 0.851125 1
 0.851375 1
 0.851625 1
 0.851875 1
 0.852125 1
 0.852375 1
 0.852625 1
 0.852875 1
 0.853125 1
 0.853375 1
 0.853625 1
 0.853875 1
 0.854125 1
 0.854375 1
 0.854625 0
 0.854875 0
 0.855125 0
 0.855375 0
 0.855625 0
 0.855875 0
 0.856125 0
 0.856375 0
 0.856625 0
 0.856875 0
 0.857125 0
 0.857375 0
 0.857625 0
 0.857875 0
 0.858125 0
 0.858375 0
 0.858625 0
 0.858875 0
 0.859125 0
 0.859375 0
 0.859625 0
 0.859875 0
 0.860125 0
 0.860375 0
 0.860625 0
 0.860875 0
 0.861125 0
 0.861375 0
 0.861625 0
 0.861875 0
 0.862125 0
 0.862375 0
 0.862625 0
 0.862875 0
 0.863125 0
 0.863375 0
 0.863625 0
 0.863875 0
 0.864125 0
 0.864375 0
 0.864625 0
 0.864875 0
 0.865125 0
 0.865375 0
 0.865625 0
 0.865875 0
 0.866125 0
 0.866375 0
 0.866625 0
 0.866875 0
 0.867125 0
 0.867375 0
 0.867625 0
 0.867875 0
 0.868125 0
 0.868375 0
 0.868625 0
 0.868875 0
 0.869125 0
 0.869375 0
 0.869625 0
 0.869875 0
 0.870125 0
 0.870375 0
 0.870625 0
 0.870875 0
 0.871125 0
 0.871375 0
 0.871625 0
 0.871875 0
 0.872125 0
 0.872375 0
 0.872625 0
 0.872875 0
 0.873125 0
 0.873375 0
 0.873625 0
 0.873875 0
 0.874125 0
 0.874375 0
 0.874625 0
 0.874875 0
 0.875125 0
 0.875375 0
 0.875625 0
 0.875875 0
 0.876125 0
 0.876375 0
 0.876625 0
 0.876875 0
 0.877125 0
 0.877375 0
 0.877625 0
 0.877875 0
 0.878125 0
 0.878375 0
 0.878625 0
 0.878875 0
 0.879125 0
 0.879375 0
 0.879625 0
 0.879875 0
 0.880125 0
 0.880375 0
 0.880625 0
 0.880875 0
 0.881125 0
 0.881375 0
 0.881625 0
 0.881875 0
 0.882125 0
 0.882375 0
 0.882625 0
 0.882875 0
 0.883125 0
 0.883375 0
 0.883625 0
 0.883875 0
 0.884125 0
 0.884375 0
 0.884625 0
 0.884875 0
 0.885125 0
 0.885375 0
 0.885625 0
 0.885875 0
 0.886125 0
 0.886375 0
 0.886625 0
 0.886875 0
 0.887125 0
 0.887375 0
 0.887625 0
 0.887875 0
 0.888125 0
 0.888375 0
 0.888625 0
 0.888875 0
 0.889125 0
 0.889375 0
 0.889625 0
 0.889875 0
 0.890125 0
 0.890375 0
 0.890625 0
 0.890875 0
 0.891125 0
 0.891375 0
 0.891625 0
 0.891875 0
 0.892125 0
 0.892375 2
 0.892625 2
 0.892875 2
 0.893125 2
 0.893375 2
 0.893625 2
 0.893875 2
 0.894125 2
 0.894375 2
 0.894625 2
 0.894875 2
 0.895125 2
 0.895375 2
 0.895625 2
 0.895875 2
 0.896125 2
 0.896375 2
 0.896625 2
 0.896875 2
 0.897125 2
 0.897375 2
 0.897625 2
 0.897875 2
 0.898125 2
 0.898375 2
 0.898625 2
 0.898875 2
 0.899125 2
 0.899375 2
 0.899625 2
 0.899875 2
 0.900125 2
 0.900375 2
 0.900625 2
 0.900875 2
 0.901125 2
 0.901375 2
 0.901625 2
 0.901875 2
 0.902125 2
 0.902375 2
 0.902625 2
 0.902875 2
 0.903125 2
 0.903375 2
 0.903625 2
 0.903875 2
 0.904125 2
 0.904375 2
 0.904625 2
 0.904875 2
 0.905125 2
 0.905375 2
 0.905625 2
 0.905875 2
 0.906125 2
 0.906375 2
 0.906625 2
 0.906875 2
 0.907125 2
 0.907375 2
 0.907625 2
 0.907875 2
 0.908125 2
 0.908375 2
 0.908625 2
 0.908875 2
 0.909125 2
 0.909375 2
 0.909625 2
 0.909875 2
 0.910125 2
 0.910375 2
 0.910625 2
 0.910875 2
 0.911125 2
 0.911375 2
 0.911625 2
 0.911875 2
 0.912125 2
 0.912375 2
 0.912625 2
 0.912875 2
 0.913125 2
 0.913375 2
 0.913625 1
 0.913875 1
 0.914125 1
 0.914375 1
 0.914625 1
 0.914875 1
 0.915125 1
 0.915375 1
 0.915625 1
 0.915875 1
 0.916125 1
 0.916375 1
 0.916625 1
 0.916875 1
 0.917125 1
 0.917375 1
 0.917625 0
 0.917875 0
 0.918125 0
 0.918375 0
 0.918625 0
 0.918875 0
 0.919125 0
 0.919375 0
 0.919625 0
 0.919875 0
 0.920125 0
 0.920375 0
 0.920625 0
 0.920875 0
 0.921125 0
 0.921375 0
 0.921625 0
 0.921875 0
 0.922125 0
 0.922375 2
 0.922625 2
 0.922875 2
 0.923125 2
 0.923375 2
 0.923625 2
 0.923875 2
 0.924125 2
 0.924375 2
 0.924625 2
 0.924875 2
 0.925125 2
 0.925375 2
 0.925625 2
 0.925875 2
 0.926125 2
 0.926375 2
 0.926625 2
 0.926875 2
 0.927125 2
 0.927375 2
 0.927625 2
 0.927875 2
 0.928125 2
 0.928375 2
 0.928625 2
 0.928875 2
 0.929125 2
 0.929375 2
 0.929625 2
 0.929875 2
 0.930125 2
 0.930375 2
 0.930625 2
 0.930875 2
 0.931125 2
 0.931375 2
 0.931625 2
 0.931875 2
 0.932125 2
 0.932375 2
 0.932625 2
 0.932875 2
 0.933125 2
 0.933375 2
 0.933625 2
 0.933875 2
 0.934125 2
 0.934375 2
 0.934625 2
 0.934875 2
 0.935125 2
 0.935375 2
 0.935625 2
 0.935875 2
 0.936125 2
 0.936375 2
 0.936625 2
 0.936875 2
 0.937125 2
 0.937375 2
 0.937625 2
 0.937875 2
 0.938125 2
 0.938375 2
 0.938625 2
 0.938875 2
 0.939125 2
 0.939375 2
 0.939625 2
 0.939875 2
 0.940125 2
 0.940375 2
 0.940625 2
 0.940875 2
 0.941125 2
 0.941375 2
 0.941625 2
 0.941875 2
 0.942125 2
 0.942375 2
 0.942625 2
 0.942875 2
 0.943125 2
 0.943375 2
 0.943625 2
 0.943875 2
 0.944125 2
 0.944375 2
 0.944625 2
 0.944875 2
 0.945125 2
 0.945375 2
 0.945625 2
 0.945875 2
 0.946125 0
 0.946375 0
 0.946625 0
 0.946875 0
 0.947125 0
 0.947375 0
 0.947625 0
 0.947875 0
 0.948125 1
 0.948375 1
 0.948625 1
 0.948875 1
 0.949125 1
 0.949375 1
 0.949625 1
 0.949875 1
 0.950125 1
 0.950375 1
 0.950625 1
 0.950875 1
 0.951125 1
 0.951375 1
 0.951625 1
 0.951875 1
 0.952125 0
 0.952375 0
 0.952625 0
 0.952875 0
 0.953125 0
 0.953375 0
 0.953625 0
 0.953875 0
 0.954125 0
 0.954375 0
 0.954625 0
 0.954875 0
 0.955125 0
 0.955375 0
 0.955625 0
 0.955875 0
 0.956125 0
 0.956375 0
 0.956625 0
 0.956875 0
 0.957125 0
 0.957375 0
 0.957625 0
 0.957875 0
 0.958125 0
 0.958375 0
 0.958625 0
 0.958875 0
 0.959125 0
 0.959375 0
 0.959625 0
 0.959875 0
 0.960125 0
 0.960375 0
 0.960625 0
 0.960875 0
 0.961125 0
 0.961375 0
 0.961625 0
 0.961875 0
 0.962125 0
 0.962375 0
 0.962625 0
 0.962875 0
 0.963125 0
 0.963375 0
 0.963625 0
 0.963875 0
 0.964125 0
 0.964375 0
 0.964625 0
 0.964875 0
 0.965125 0
 0.965375 0
 0.965625 0
 0.965875 0
 0.966125 0
 0.966375 0
 0.966625 0
 0.966875 0
 0.967125 0
 0.967375 0
 0.967625 0
 0.967875 0
 0.968125 0
 0.968375 0
 0.968625 0
 0.968875 0
 0.969125 0
 0.969375 0
 0.969625 0
 0.969875 0
 0.970125 0
 0.970375 0
 0.970625 0
 0.970875 0
 0.971125 0
 0.971375 0
 0.971625 0
 0.971875 0
 0.972125 0
 0.972375 0
 0.972625 0
 0.972875 0
 0.973125 0
 0.973375 0
 0.973625 0
 0.973875 0
 0.974125 0
 0.974375 0
 0.974625 0
 0.974875 0
 0.975125 0
 0.975375 0
 0.975625 0
 0.975875 0
 0.976125 0
 0.976375 0
 0.976625 0
 0.976875 0
 0.977125 0
 0.977375 0
 0.977625 0
 0.977875 0
 0.978125 0
 0.978375 0
 0.978625 0
 0.978875 0
 0.979125 0
 0.979375 0
 0.979625 0
 0.979875 0
 0.980125 0
 0.980375 0
 0.980625 0
 0.980875 0
 0.981125 0
 0.981375 0
 0.981625 0
 0.981875 0
 0.982125 0
 0.982375 0
 0.982625 0
 0.982875 2
 0.983125 2
 0.983375 2
 0.983625 2
 0.983875 2
 0.984125 2
 0.984375 2
 0.984625 2
 0.984875 2
 0.985125 2
 0.985375 2
 0.985625 2
 0.985875 2
 0.986125 2
 0.986375 2
 0.986625 0
 0.986875 0
 0.987125 0
 0.987375 1
 0.987625 1
 0.987875 1
 0.988125 0
 0.988375 0
 0.988625 1
 0.988875 1
 0.989125 1
 0.989375 1
 0.989625 1
 0.989875 1
 0.990125 1
 0.990375 1
 0.990625 1
 0.990875 1
 0.991125 1
 0.991375 1
 0.991625 1
 0.991875 1
 0.992125 1
 0.992375 1
 0.992625 1
 0.992875 1
 0.993125 1
 0.993375 1
 0.993625 1
 0.993875 1
 0.994125 1
 0.994375 1
 0.994625 1
 0.994875 1
 0.995125 1
 0.995375 1
 0.995625 1
 0.995875 1
 0.996125 1
 0.996375 1
 0.996625 1
 0.996875 1
 0.997125 1
 0.997375 1
 0.997625 1
 0.997875 1
 0.998125 1
 0.998375 1
 0.998625 1
 0.998875 1
 0.999125 1
 0.999375 1
 0.999625 1
 0.999875 1
 1.000125 1
 1.000375 1
 1.000625 1
 1.000875 1
 1.001125 1
 1.001375 1
 1.001625 1
 1.001875 1
 1.002125 1
 1.002375 1
 1.002625 1
 1.002875 1
 1.003125 1
 1.003375 1
 1.003625 1
 1.003875 1
 1.004125 1
 1.004375 1
 1.004625 1
 1.004875 1
 1.005125 1
 1.005375 1
 1.005625 1
 1.005875 1
 1.006125 1
 1.006375 1
 1.006625 1
 1.006875 1
 1.007125 1
 1.007375 1
 1.007625 1
 1.007875 1
 1.008125 1
 1.008375 1
 1.008625 1
 1.008875 1
 1.009125 1
 1.009375 1
 1.009625 1
 1.009875 1
 1.010125 1
 1.010375 1
 1.010625 1
 1.010875 1
 1.011125 1
 1.011375 1
 1.011625 1
 1.011875 1
 1.012125 1
 1.012375 1
 1.012625 1
 1.012875 1
 1.013125 1
 1.013375 1
 1.013625 1
 1.013875 1
 1.014125 1
 1.014375 1
 1.014625 1
 1.014875 1
 1.015125 1
 1.015375 1
 1.015625 1
 1.015875 1
 1.016125 1
 1.016375 0
 1.016625 0
 1.016875 0
 1.017125 0
 1.017375 0
 1.017625 0
 1.017875 0
 1.018125 0
 1.018375 0
 1.018625 0
 1.018875 2
 1.019125 2
 1.019375 2
 1.019625 2
 1.019875 2
 1.020125 2
 1.020375 2
 1.020625 2
 1.020875 2
 1.021125 2
 1.021375 2
 1.021625 2
 1.021875 2
 1.022125 2
 1.022375 2
 1.022625 2
 1.022875 2
 1.023125 2
 1.023375 2
 1.023625 2
 1.023875 2
 1.024125 2
 1.024375 2
 1.024625 2
 1.024875 2
 1.025125 2
 1.025375 2
 1.025625 2
 1.025875 2
 1.026125 2
 1.026375 2
 1.026625 2
 1.026875 2
 1.027125 2
 1.027375 2
 1.027625 2
 1.027875 2
 1.028125 2
 1.028375 2
 1.028625 2
 1.028875 2
 1.029125 2
 1.029375 2
 1.029625 2
 1.029875 2
 1.030125 2
 1.030375 2
 1.030625 2
 1.030875 2
